.Random.seed <-
c(403L, 466L, -39410103L, 1535300793L, -2021103394L, -1839340534L, 
-1704077566L, 1019207587L, -1904824774L, 1296136039L, -2100930703L, 
1011273230L, -476070449L, -1273825260L, -1007419785L, -902251431L, 
-1816804376L, -1194459758L, 1344389691L, -74119374L, 2086781647L, 
-1212955395L, 761400105L, -914449031L, 558408622L, -217207022L, 
-1788299890L, -1214031101L, 1816928547L, -1333532401L, 744941281L, 
-807510768L, -887054472L, -1479174836L, 582724481L, -1426812623L, 
1357058161L, -1742045079L, 117872699L, -942650466L, -406590578L, 
-623207627L, -2011794398L, 330884386L, 1315687855L, 940095194L, 
-301275610L, 615926133L, 100095367L, 1649954809L, 1112789700L, 
-1309285542L, 1974130893L, 1726758305L, 233819339L, 1571316329L, 
-1360261085L, -335275459L, 1075800024L, -394132512L, 842799388L, 
908128235L, -1966323001L, 902590763L, -293552174L, -1091387105L, 
-285968104L, -3483888L, -1546696362L, -1399974007L, 12119681L, 
-1069358102L, 431596909L, 347250178L, -1298287119L, 391599065L, 
-1082923782L, 651334231L, 636758060L, 538875179L, 482913166L, 
1210322354L, 1632550791L, -1668867932L, 924498969L, -1717280931L, 
-1754623916L, 645693892L, -1123918432L, 1515652099L, 627082659L, 
1834429133L, -1797193487L, -527208432L, 756129286L, 1641705809L, 
-1910600611L, 2001566294L, 118385641L, -1815563859L, -2024564200L, 
-1816203824L, 1608104443L, 1284777331L, -2113169268L, -1100244128L, 
162802006L, -191625335L, 1617809168L, 1337265441L, 511649817L, 
-1934282207L, 895288901L, -1220784208L, -1748792251L, 435831053L, 
1939106207L, 1911992544L, -1113822235L, 1994431895L, 503338017L, 
18594677L, -1509476763L, -1634862359L, -1011942624L, 1752042538L, 
1162069729L, -79423694L, -25453848L, -1202553872L, 311893700L, 
500428L, 1137003500L, 307993656L, -518384282L, -904898736L, -1577075000L, 
-201349432L, -1581893209L, 1147021418L, 1159419845L, 1105714305L, 
1388817637L, -1550462274L, 1428922621L, -1203508282L, -2034693932L, 
612032392L, 1677463523L, 1771492835L, 1105834423L, -1369972606L, 
-1426974713L, -1116665211L, 246748973L, 2079365848L, -1772852606L, 
880168275L, 1988972082L, -174589087L, 1731462023L, 1547311430L, 
-1136808373L, 268731887L, -2068839451L, 915315900L, 1455720092L, 
-239970378L, 510401323L, 445653939L, -1621786375L, 518044128L, 
1250317736L, 178372273L, 546978977L, -1232097016L, -1885771706L, 
-530176485L, -1110298027L, -685203691L, 686043343L, 1449279648L, 
-1365514216L, 515818571L, 179758666L, 311775958L, -277257757L, 
-2072240163L, 2139075412L, -1343133167L, -528459452L, -867231866L, 
614487939L, -866557970L, 1384484974L, 605969988L, -413385832L, 
-1747709051L, -366363654L, 1918876823L, -354447670L, 227995166L, 
-1714519284L, -727702795L, 1691159739L, -560646410L, 22755927L, 
540285413L, 1439886450L, 2032988130L, -280212313L, -1879979440L, 
411898337L, -400491506L, 1131470140L, -865830966L, 1618164176L, 
1914786933L, -1497014367L, 1006764960L, -544430976L, -327510016L, 
1307324565L, -869678700L, 1874813000L, 282341393L, 2003087407L, 
-286803505L, -1311520024L, 1665970770L, 1574832211L, 1125478850L, 
1175179794L, 1656483369L, -1063361096L, -279097726L, 1710365994L, 
-183149120L, 1408900837L, -535456084L, 1327258705L, 273223947L, 
1796501558L, -956128745L, -265275057L, -271823501L, -1758742657L, 
-920170911L, 758416776L, 1798414317L, -100533424L, 1961021776L, 
948919530L, -1189763445L, 2088128350L, -1615096616L, 233639190L, 
1324911074L, 310722993L, 888336944L, -757347254L, 981762909L, 
-1340624083L, -455040416L, -794155578L, 104327575L, -1793023614L, 
1403768861L, -1986755258L, 1003103230L, 460604003L, 1331333813L, 
1092014375L, -1181724753L, 1693173080L, 727441533L, 1550760719L, 
-1307047778L, 108610448L, 912915321L, 579091105L, 757830369L, 
-161763579L, -33149428L, 1706859252L, -1368006218L, -1445249487L, 
505559597L, -1000325274L, -1062095629L, -1198073083L, 1438545420L, 
1485354000L, 912094742L, -640676398L, 1784679346L, -1625255029L, 
-1826213484L, 449232017L, -484623095L, -1144331086L, 30993630L, 
-11767594L, 1005234525L, 1172119668L, -629184187L, 748447017L, 
1599442743L, -884958779L, 218979146L, -142648248L, 2118637303L, 
1316841700L, -1408011547L, 952791477L, 1390520339L, 1882170935L, 
354470718L, -1481825669L, 156466923L, 1461844268L, -135389364L, 
-1788342878L, 1707517838L, -724235913L, 1747292970L, -1617629936L, 
788862415L, 1253871798L, 198372633L, -1807699421L, 896147496L, 
-1677174549L, -1189850112L, 152413400L, -1805433216L, 386807328L, 
1785989556L, 2116930117L, -421556238L, -1740361133L, 1503902177L, 
360189021L, -145002683L, -1653953519L, 1244756881L, 938717208L, 
-1139236695L, 645978251L, 1349864278L, -1074204062L, 211701055L, 
-1398332597L, 2065665023L, 8261262L, 1981434900L, 1787787647L, 
582763652L, -1620371912L, 1583189274L, -1415402864L, -1082396547L, 
-1901010092L, -158130749L, 144708119L, 198117618L, -399543849L, 
1597204992L, -10307719L, 1183716083L, 1863877400L, 735641279L, 
1708807623L, -572389871L, -2112329055L, -134558317L, -175167065L, 
2108082566L, -1100084663L, 471026273L, -1526026310L, -1741073116L, 
209024117L, -1644175283L, -1267866915L, 654380199L, 1205077734L, 
318351074L, 679690692L, -165079397L, 1772388213L, 1586078085L, 
1465709162L, -1687670649L, -989632083L, -949008894L, -1726245136L, 
-1290123980L, 2111238294L, -1158746093L, -1458616040L, 1180069660L, 
1966126328L, 266015883L, 986656304L, -1580981613L, 203674981L, 
-863633882L, -1574295733L, 1389206353L, 502215694L, 373353855L, 
-1001148270L, -1334751513L, -512924231L, 600181076L, 1571767111L, 
1913997004L, 581197135L, 1940390291L, -1277276619L, -790565491L, 
-327334379L, -680718987L, 1614708443L, 237844122L, 48176999L, 
-1568828594L, -1876698251L, -1385815842L, 1834796415L, -34491493L, 
73557377L, 1546692513L, 1673740470L, 2068950858L, 234324959L, 
221776037L, -1796582450L, 669846953L, 1508434336L, 268484432L, 
-1747183367L, 370955260L, -375364104L, 1121381690L, 1916803163L, 
-1746944122L, 778493802L, 67747089L, 1241859136L, 945834381L, 
-905694737L, -268073384L, 207501138L, -1181885631L, 1600754589L, 
-1357245594L, 36223511L, -1382999436L, -995637924L, 661549839L, 
495666127L, -706117640L, 604275018L, 197049794L, -726601919L, 
1743168191L, 1168989567L, 1557491836L, 1502302407L, -2001792189L, 
-1467771977L, 128266249L, -1597276697L, -306240863L, 24705459L, 
626267969L, 805514624L, -1802894506L, 1990753198L, -1702749398L, 
-673128286L, 934977426L, -1740616234L, -2013186386L, -136469488L, 
-621912656L, -454400095L, -652787507L, -1732793746L, -1639733399L, 
442894699L, 508750816L, 434503577L, 942899829L, -1479378414L, 
136941486L, 856642063L, 2129814113L, -180939237L, -1590314767L, 
-575054194L, 1658701000L, 363210170L, 1794533401L, 697394155L, 
-990945342L, -1239319905L, -1344405163L, 1675935476L, -142753272L, 
591215960L, -1446441039L, -240915505L, 953368991L, 2024970665L, 
-2006816070L, 881809678L, 1461875085L, 350376913L, -527184075L, 
331897252L, -834699902L, -2118759693L, 1120277194L, 1528053773L, 
-1244300041L, 241204825L, -149741575L, 548628197L, 577357028L, 
-738767935L, 494506688L, -1041453950L, 1346205815L, -625439378L, 
1869787419L, 634351105L, -1355396337L, 1856943064L, -1415943371L, 
-637846793L, -174826272L, 409899867L, 1870982254L, 1087427073L, 
-2122727848L, 1509442375L, -1318730938L, 1876240046L, -1942681878L, 
-290922360L, -1289816693L, -1718338245L, -1672994188L, -1826731728L, 
1724443627L, 167419812L, 277348581L, -905646936L, 1267740727L, 
869973513L, -515976947L, 379831726L, 1769220688L, 1476459467L, 
-1923149016L, -195025553L, 1792695743L, 585832273L, -1259241297L, 
91710596L, 1275129509L, 1382942091L, -1883347457L, -550495542L, 
-459243209L, -694860176L, -1059576395L, 524380385L, 358164658L, 
1777335682L, 916067240L, 182569730L, -1709613556L, 648777660L, 
-192597737L, -53300901L, -1548050222L, -1254655509L, 1344315602L, 
-1160352103L, -537545516L, 1289709963L, -1156196855L, -774008312L, 
-2079435706L, 1439471187L, -532315572L, -634227124L, -1437922100L, 
-794896071L, -1380813733L, -470318139L, 1865236228L, -965388769L, 
